
01001989
01031989
01219989
04627959
06320989
08010989
08051989
08210989
08255989
08571989
11460989
13060989
13087989
13092989
13180989
13186989
13216989
14090989
21510989
22410989
22640989
26525989
29197959
35661529
36420959
41900973
42831768
44007971
44051959
47850959
48010959
51111959
57615959
58046723
59631959
64006959
64048959
65315959
68682959
68903711
69184959
69736959
69790959
70070959
70312959
70380959
70393959
71070959
72220988
72300989
72610989
74423959
75256959
75568959
76846959
78453959
89636959
89834959
